1.50	1.00	0.00	1.00	2.00	0.00	1.00	0.00	2.00	-inf	
2.25	8.00	0.48	2.00	4.00	1.39	1.62	0.69	8.00	-0.37	
3.38	27.00	1.21	3.00	8.00	3.30	2.14	1.10	24.00	0.09	
5.06	64.00	1.92	4.00	16.00	5.55	2.61	1.39	64.00	0.33	
7.59	125.00	2.59	5.00	32.00	8.05	3.05	1.61	160.00	0.48	
11.39	216.00	3.21	6.00	64.00	10.75	3.46	1.79	384.00	0.58	
17.09	343.00	3.79	7.00	128.00	13.62	3.85	1.95	896.00	0.67	
25.63	512.00	4.32	8.00	256.00	16.64	4.23	2.08	2048.00	0.73	
38.44	729.00	4.83	9.00	512.00	19.78	4.59	2.20	4608.00	0.79	
57.67	1000.00	5.30	10.00	1024.00	23.03	4.93	2.30	10240.00	0.83	
86.50	1331.00	5.75	11.00	2048.00	26.38	5.27	2.40	22528.00	0.87	
129.75	1728.00	6.17	12.00	4096.00	29.82	5.60	2.48	49152.00	0.91	
194.62	2197.00	6.58	13.00	8192.00	33.34	5.92	2.56	106496.00	0.94	
291.93	2744.00	6.96	14.00	16384.00	36.95	6.23	2.64	229376.00	0.97	
437.89	3375.00	7.33	15.00	32768.00	40.62	6.53	2.71	491520.00	1.00	
656.84	4096.00	7.69	16.00	65536.00	44.36	6.83	2.77	1048576.00	1.02	
985.26	4913.00	8.03	17.00	131072.00	48.16	7.13	2.83	2228224.00	1.04	
1477.89	5832.00	8.35	18.00	262144.00	52.03	7.41	2.89	4718592.00	1.06	
2216.84	6859.00	8.67	19.00	524288.00	55.94	7.70	2.94	9961472.00	1.08	
3325.26	8000.00	8.97	20.00	1048576.00	59.91	7.98	3.00	20971520.00	1.10	
4987.89	9261.00	9.27	21.00	2097152.00	63.93	8.25	3.04	44040192.00	1.11	
7481.83	10648.00	9.55	22.00	4194304.00	68.00	8.52	3.09	92274688.00	1.13	
11222.74	12167.00	9.83	23.00	8388608.00	72.12	8.79	3.14	192937984.00	1.14	
16834.11	13824.00	10.10	24.00	16777216.00	76.27	9.05	3.18	402653184.00	1.16	
25251.17	15625.00	10.36	25.00	33554432.00	80.47	9.31	3.22	838860800.00	1.17	
37876.75	17576.00	10.62	26.00	67108864.00	84.71	9.57	3.26	1744830464.00	1.18	
56815.13	19683.00	10.86	27.00	134217728.00	88.99	9.82	3.30	3623878656.00	1.19	
85222.69	21952.00	11.10	28.00	268435456.00	93.30	10.07	3.33	7516192768.00	1.20	
127834.04	24389.00	11.34	29.00	536870912.00	97.65	10.32	3.37	15569256448.00	1.21	
191751.06	27000.00	11.57	30.00	1073741824.00	102.04	10.56	3.40	32212254720.00	1.22	
287626.59	29791.00	11.79	31.00	2147483648.00	106.45	10.81	3.43	66571993088.00	1.23	
431439.88	32768.00	12.01	32.00	4294967296.00	110.90	11.05	3.47	137438953472.00	1.24	
647159.82	35937.00	12.23	33.00	8589934592.00	115.38	11.29	3.50	283467841536.00	1.25	
970739.74	39304.00	12.44	34.00	17179869184.00	119.90	11.52	3.53	584115552256.00	1.26	
1456109.61	42875.00	12.64	35.00	34359738368.00	124.44	11.76	3.56	1202590842880.00	1.27	
2184164.41	46656.00	12.84	36.00	68719476736.00	129.01	11.99	3.58	2473901162496.00	1.28	
3276246.61	50653.00	13.04	37.00	137438953472.00	133.60	12.22	3.61	5085241278464.00	1.28	
4914369.92	54872.00	13.23	38.00	274877906944.00	138.23	12.45	3.64	10445360463872.00	1.29	
7371554.88	59319.00	13.42	39.00	549755813888.00	142.88	12.67	3.66	21440476741632.00	1.30	
11057332.32	64000.00	13.61	40.00	1099511627776.00	147.56	12.90	3.69	43980465111040.00	1.31	
16585998.48	68921.00	13.79	41.00	2199023255552.00	152.26	13.12	3.71	90159953477632.00	1.31	
24878997.72	74088.00	13.97	42.00	4398046511104.00	156.98	13.34	3.74	184717953466368.00	1.32	
37318496.58	79507.00	14.15	43.00	8796093022208.00	161.73	13.56	3.76	378231999954944.00	1.32	
55977744.87	85184.00	14.32	44.00	17592186044416.00	166.50	13.78	3.78	774056185954304.00	1.33	
83966617.31	91125.00	14.49	45.00	35184372088832.00	171.30	13.99	3.81	1583296743997440.00	1.34	
125949925.97	97336.00	14.66	46.00	70368744177664.00	176.12	14.21	3.83	3236962232172544.00	1.34	
188924888.95	103823.00	14.82	47.00	140737488355328.00	180.96	14.42	3.85	6614661952700416.00	1.35	
283387333.43	110592.00	14.99	48.00	281474976710656.00	185.82	14.63	3.87	13510798882111488.00	1.35	
425081000.14	117649.00	15.15	49.00	562949953421312.00	190.70	14.84	3.89	27584547717644288.00	1.36	
637621500.21	125000.00	15.30	50.00	1125899906842624.00	195.60	15.05	3.91	56294995342131200.00	1.36	
956432250.32	132651.00	15.46	51.00	2251799813685248.00	200.52	15.26	3.93	114841790497947648.00	1.37	
1434648375.48	140608.00	15.61	52.00	4503599627370496.00	205.46	15.47	3.95	234187180623265792.00	1.37	
2151972563.22	148877.00	15.76	53.00	9007199254740992.00	210.43	15.67	3.97	477381560501272576.00	1.38	
3227958844.83	157464.00	15.91	54.00	18014398509481984.00	215.41	15.88	3.99	972777519512027136.00	1.38	
4841938267.25	166375.00	16.06	55.00	36028797018963968.00	220.40	16.08	4.01	1981583836043018240.00	1.39	
7262907400.88	175616.00	16.20	56.00	72057594037927936.00	225.42	16.28	4.03	4035225266123964416.00	1.39	
10894361101.31	185193.00	16.35	57.00	144115188075855872.00	230.45	16.48	4.04	8214565720323784704.00	1.40	
16341541651.97	195112.00	16.49	58.00	288230376151711744.00	235.51	16.68	4.06	16717361816799281152.00	1.40	
24512312477.96	205379.00	16.63	59.00	576460752303423488.00	240.57	16.88	4.08	34011184385901985792.00	1.41	
36768468716.93	216000.00	16.76	60.00	1152921504606846976.00	245.66	17.08	4.09	69175290276410818560.00	1.41	
55152703075.40	226981.00	16.90	61.00	2305843009213693952.00	250.76	17.28	4.11	140656423562035331072.00	1.41	
82729054613.10	238328.00	17.03	62.00	4611686018427387904.00	255.88	17.47	4.13	285924533142498050048.00	1.42	
124093581919.65	250047.00	17.17	63.00	9223372036854775808.00	261.02	17.67	4.14	581072438321850875904.00	1.42	
186140372879.47	262144.00	17.30	64.00	18446744073709551616.00	266.17	17.86	4.16	1180591620717411303424.00	1.43	
279210559319.21	274625.00	17.43	65.00	36893488147419103232.00	271.34	18.06	4.17	2398076729582241710080.00	1.43	
418815838978.82	287496.00	17.55	66.00	73786976294838206464.00	276.52	18.25	4.19	4869940435459321626624.00	1.43	
628223758468.22	300763.00	17.68	67.00	147573952589676412928.00	281.71	18.44	4.20	9887454823508319666176.00	1.44	
942335637702.33	314432.00	17.80	68.00	295147905179352825856.00	286.93	18.63	4.22	20070057552195992158208.00	1.44	
1413503456553.50	328509.00	17.93	69.00	590295810358705651712.00	292.15	18.82	4.23	40730410914750689968128.00	1.44	
2120255184830.25	343000.00	18.05	70.00	1180591620717411303424.00	297.39	19.01	4.25	82641413450218791239680.00	1.45	
3180382777245.38	357911.00	18.17	71.00	2361183241434822606848.00	302.65	19.20	4.26	167644010141872405086208.00	1.45	
4770574165868.07	373248.00	18.29	72.00	4722366482869645213696.00	307.92	19.38	4.28	340010386766614455386112.00	1.45	
7155861248802.10	389017.00	18.41	73.00	9444732965739290427392.00	313.20	19.57	4.29	689465506498968201199616.00	1.46	
10733791873203.15	405224.00	18.52	74.00	18889465931478580854784.00	318.50	19.75	4.30	1397820478929414983254016.00	1.46	
16100687809804.73	421875.00	18.64	75.00	37778931862957161709568.00	323.81	19.94	4.32	2833419889721787128217600.00	1.46	
24151031714707.09	438976.00	18.76	76.00	75557863725914323419136.00	329.14	20.12	4.33	5742397643169488579854336.00	1.47	
36226547572060.63	456533.00	18.87	77.00	151115727451828646838272.00	334.47	20.31	4.34	11635911013790805806546944.00	1.47	
54339821358090.95	474552.00	18.98	78.00	302231454903657293676544.00	339.82	20.49	4.36	23574053482485268906770432.00	1.47	
81509732037136.42	493039.00	19.09	79.00	604462909807314587353088.00	345.19	20.67	4.37	47752569874777852400893952.00	1.47	
122264598055704.64	512000.00	19.20	80.00	1208925819614629174706176.00	350.56	20.85	4.38	96714065569170333976494080.00	1.48	
183396897083556.97	531441.00	19.31	81.00	2417851639229258349412352.00	355.95	21.03	4.39	195845982777569926302400512.00	1.48	
275095345625335.44	551368.00	19.42	82.00	4835703278458516698824704.00	361.35	21.21	4.41	396527668833598369303625728.00	1.48	
412643018438003.12	571787.00	19.53	83.00	9671406556917033397649408.00	366.76	21.39	4.42	802726744224113772004900864.00	1.49	
618964527657004.75	592704.00	19.63	84.00	19342813113834066795298816.00	372.19	21.57	4.43	1624796301562061610805100544.00	1.49	
928446791485507.12	614125.00	19.74	85.00	38685626227668133590597632.00	377.63	21.75	4.44	3288278229351791355200798720.00	1.49	
1392670187228260.50	636056.00	19.84	86.00	77371252455336267181195264.00	383.07	21.92	4.45	6653927711158918977582792704.00	1.49	
2089005280842391.00	658503.00	19.94	87.00	154742504910672534362390528.00	388.53	22.10	4.47	13462597927228510489527975936.00	1.50	
3133507921263586.50	681472.00	20.05	88.00	309485009821345068724781056.00	394.01	22.27	4.48	27234680864278366047780732928.00	1.50	
4700261881895380.00	704969.00	20.15	89.00	618970019642690137449562112.00	399.49	22.45	4.49	55088331748199422233011027968.00	1.50	
7050392822843069.00	729000.00	20.25	90.00	1237940039285380274899124224.00	404.98	22.62	4.50	111414603535684224740921180160.00	1.50	
10575589234264604.00	753571.00	20.35	91.00	2475880078570760549798248448.00	410.49	22.80	4.51	225305087149939210031640608768.00	1.51	
15863383851396906.00	778688.00	20.45	92.00	4951760157141521099596496896.00	416.00	22.97	4.52	455561934457019941162877714432.00	1.51	
23795075777095360.00	804357.00	20.54	93.00	9903520314283042199192993792.00	421.53	23.14	4.53	921027389228322924524948422656.00	1.51	
35692613665643040.00	830584.00	20.64	94.00	19807040628566084398385987584.00	427.07	23.32	4.54	1861861819085211933448282832896.00	1.51	
53538920498464560.00	857375.00	20.74	95.00	39614081257132168796771975168.00	432.62	23.49	4.55	3763337719427556035693337640960.00	1.52	
80308380747696832.00	884736.00	20.83	96.00	79228162514264337593543950336.00	438.18	23.66	4.56	7605903601369376408980219232256.00	1.52	
120462571121545248.00	912673.00	20.93	97.00	158456325028528675187087900672.00	443.75	23.83	4.57	15370263527767281493147526365184.00	1.52	
180693856682317888.00	941192.00	21.02	98.00	316912650057057350374175801344.00	449.33	24.00	4.58	31057439705591620336669228531712.00	1.52	
271040785023476832.00	970299.00	21.12	99.00	633825300114114700748351602688.00	454.92	24.17	4.60	62748704711297355374086808666112.00	1.52	
406561177535215232.00	1000000.00	21.21	100.00	1267650600228229401496703205376.00	460.52	24.34	4.61	126765060022822940149670320537600.00	1.53	
